3.663127777746836e-03     5.868079580553236e-03     9.236767712025262e-03

     1.428694411606250e-02     2.171481473126401e-02     3.243053063441986e-02

     4.758730436521801e-02     6.859461858475452e-02     9.710154044349273e-02

     1.349308956696327e-01     1.839397205857217e-01     2.457779371397471e-01
     3.215197707579573e-01     4.111586538150454e-01     5.129972985816419e-01

     6.230406264571253e-01     7.346067146260458e-01     8.384689773130548e-01

     9.238359991849273e-01     9.802473601476920e-01     1.000000000000000e+00

     9.802473601476903e-01     9.238359991849248e-01     8.384689773130515e-01

     7.346067146260419e-01     6.230406264571214e-01     5.129972985816380e-01

     4.111586538150420e-01     3.215197707579543e-01     2.457779371397447e-01

     1.839397205857197e-01     1.349308956696313e-01     9.710154044349188e-02

     6.859461858475399e-02     4.758730436521768e-02     3.243053063441968e-02

     2.171481473126392e-02     1.428694411606248e-02     9.236767712025262e-03

     5.868079580553249e-03     3.663127777746852e-03